  845.0   1516   34.2   -2.8      9   3.70    285      3  322.5  335.0  323.2
  830.0   1677   32.2   -2.8     10   3.77    259      2  322.1  334.8  322.8
  817.0   1819   30.2   -3.8     11   3.55    237      1  321.4  333.4  322.1
  816.0   1829   30.1   -3.8     11   3.54    235      1  321.4  333.4  322.1
  788.0   2134   27.2   -5.0     12   3.37    160      5  321.5  332.9  322.1
  761.0   2438   24.2   -6.1     13   3.20    150      8  321.5  332.4  322.1
  734.9   2743   21.3   -7.2     14   3.04    140      5  321.5  331.9  322.1
  700.0   3167   17.2   -8.8     16   2.82    140      5  321.5  331.1  322.1
  694.0   3240   16.4   -9.6     16   2.67    146      5  321.4  330.6  321.9
  659.6   3658   12.4  -10.2     20   2.67    180      8  321.6  330.7  322.1
  612.6   4267    6.5  -11.2     27   2.67    180      8  321.7  330.8  322.2
  568.8   4877    0.6  -12.2     38   2.66    195     11  321.6  330.7  322.1
  554.0   5094   -1.5  -12.5     43   2.66    195     12  321.6  330.7  322.1
  500.0   5900   -9.1  -13.4     71   2.74    195     17  321.9  331.2  322.4
  488.0   6087  -10.9  -14.0     78   2.67    195     19  321.9  331.1  322.4
  487.4   6096  -11.0  -14.1     78   2.65    195     19  321.9  331.0  322.4
  475.0   6294  -12.5  -16.1     74   2.30    196     20  322.4  330.4  322.9
  455.0   6621  -15.1  -22.1     55   1.44    198     22  323.2  328.3  323.4
  447.0   6754  -15.9  -28.9     32   0.79    199     23  323.8  326.7  323.9
  439.0   6890  -16.7  -33.7     22   0.51    199     23  324.5  326.4  324.6
  433.0   6993  -17.7  -34.7     21   0.47    200     24  324.5  326.2  324.6
  432.0   7010  -17.8  -34.1     23   0.49    200     24  324.5  326.4  324.6
  423.0   7167  -19.1  -29.1     41   0.82    200     23  324.9  327.9  325.0
  407.0   7452  -21.3  -30.3     44   0.76    200     20  325.6  328.4  325.8
  400.0   7580  -22.5  -31.5     44   0.69    200     19  325.7  328.2  325.8
  397.8   7620  -22.9  -31.9     44   0.67    200     19  325.7  328.2  325.9
  381.5   7925  -25.5  -34.5     43   0.54    200     18  326.1  328.1  326.2
  377.0   8012  -26.3  -35.3     42   0.51    197     18  326.2  328.1  326.3
  360.0   8343  -29.3  -35.3     56   0.53    184     18  326.5  328.5  326.6
  335.4   8839  -33.1  -39.1     55   0.39    165     18  328.0  329.5  328.1
  321.1   9144  -35.5  -41.5     54   0.32    175     18  328.9  330.1  328.9
  300.0   9620  -39.1  -45.1     53   0.23    175     23  330.1  331.1  330.2
  290.0   9853  -38.9  -45.9     47   0.22    178     34  333.6  334.5  333.7
  281.4  10058  -40.0  -47.0     47   0.20    180     43  335.0  335.8  335.0
  268.0  10391  -41.7  -48.7     46   0.17    194     33  337.2  337.9  337.2
  257.2  10668  -43.0  -54.7     26   0.09    205     24  339.2  339.6  339.2
  250.0  10860  -43.9  -58.9     17   0.05    240     20  340.7  340.9  340.7
  247.0  10941  -44.5  -60.5     15   0.04    244     20  340.9  341.1  341.0
  245.8  10973  -44.5  -61.4     13   0.04    245     20  341.4  341.6  341.4
  234.0  11302  -44.3  -70.3      4   0.01    245     23  346.6  346.6  346.6
  227.0  11505  -44.9  -76.9      2   0.00    245     24  348.7  348.7  348.7
  220.0  11713  -46.5  -81.5      1   0.00    245     26  349.3  349.3  349.3
  214.3  11887  -47.2  -81.8      1   0.00    245     27  350.9  350.9  350.9
  206.0  12147  -48.3  -82.3      1   0.00    259     30  353.1  353.1  353.1
  200.0  12340  -49.9  -83.9      1   0.00    270     32  353.6  353.6  353.6
  188.0  12741  -53.7  -86.7      1   0.00    274     41  353.8  353.8  353.8
  186.2  12802  -53.7  -86.7      1   0.00    275     42  354.7  354.7  354.7
  179.0  13056  -53.7  -86.7      1   0.00    275     36  358.8  358.8  358.8
  169.2  13411  -56.3  -88.5      1   0.00    275     28  360.3  360.3  360.3
  161.2  13716  -58.5  -90.0      1   0.00    260     34  361.6  361.6  361.6
  155.0  13966  -60.3  -91.3      1   0.00    264     38  362.6  362.6  362.6
  153.6  14021  -60.3  -91.3      1   0.00    265     39  363.5  363.5  363.5
  152.0  14088  -60.3  -91.3      1   0.00    269     35  364.6  364.6  364.6
  150.0  14170  -60.7  -91.7      1   0.00    275     30  365.3  365.3  365.3
  146.2  14326  -61.5  -92.2      1   0.00    275     17  366.5  366.5  366.5
  139.2  14630  -63.2  -93.2      1   0.00    255     22  368.8  368.8  368.8
  129.0  15099  -65.7  -94.7      1   0.00    265     29  372.4  372.4  372.4
  126.0  15240  -65.8  -94.5      1   0.00    270     25  374.7  374.7  374.7
  119.9  15545  -66.1  -94.2      1   0.00    265     29  379.6  379.6  379.6
  119.0  15590  -66.1  -94.1      1   0.00    265     28  380.4  380.4  380.4
  117.0  15693  -65.3  -93.3      1   0.00    265     26  383.7  383.7  383.7
  112.0  15960  -64.9  -93.9      1   0.00    265     20  389.3  389.3  389.3
  110.0  16070  -65.3  -94.3      1   0.00    265     18  390.5  390.5  390.5
  100.0  16650  -66.1  -94.1      1   0.00    265      6  399.8  399.8  399.8